5.000000000000000278e-02
1.000000000000000056e-01
1.499999999999999944e-01
2.000000000000000111e-01
2.500000000000000000e-01
2.800000000000000266e-01
3.099999999999999978e-01
3.400000000000000244e-01
3.699999999999999956e-01
4.000000000000000222e-01
4.299999999999999933e-01
4.600000000000000200e-01
4.899999999999999911e-01
5.200000000000000178e-01
5.500000000000000444e-01
5.799999999999999600e-01
6.099999999999999867e-01
6.400000000000000133e-01
6.700000000000000400e-01
6.999999999999999556e-01
7.299999999999999822e-01
7.600000000000000089e-01
7.900000000000000355e-01
8.199999999999999512e-01
8.499999999999999778e-01
9.000000000000000222e-01
9.499999999999999556e-01
1.000000000000000000e+00
1.050000000000000044e+00
1.100000000000000089e+00
1.149999999999999911e+00
1.199999999999999956e+00
1.250000000000000000e+00
1.280000000000000027e+00
1.310000000000000053e+00
1.340000000000000080e+00
1.370000000000000107e+00
1.399999999999999911e+00
1.429999999999999938e+00
1.459999999999999964e+00
1.489999999999999991e+00
1.520000000000000018e+00
1.550000000000000044e+00
1.580000000000000071e+00
1.610000000000000098e+00
1.639999999999999902e+00
1.669999999999999929e+00
1.699999999999999956e+00
1.750000000000000000e+00
1.800000000000000044e+00
1.850000000000000089e+00
1.899999999999999911e+00
1.949999999999999956e+00
2.000000000000000000e+00
2.049999999999999822e+00
2.100000000000000089e+00
2.200000000000000178e+00
2.299999999999999822e+00
2.399999999999999911e+00
2.500000000000000000e+00
2.600000000000000089e+00
2.700000000000000178e+00
2.799999999999999822e+00
2.899999999999999911e+00
3.000000000000000000e+00
3.250000000000000000e+00
3.500000000000000000e+00
3.750000000000000000e+00
4.000000000000000000e+00
4.250000000000000000e+00
4.500000000000000000e+00
4.750000000000000000e+00
5.000000000000000000e+00
5.250000000000000000e+00
5.500000000000000000e+00
5.750000000000000000e+00
6.000000000000000000e+00
6.500000000000000000e+00
7.000000000000000000e+00
7.500000000000000000e+00
8.000000000000000000e+00
8.500000000000000000e+00
9.000000000000000000e+00
9.500000000000000000e+00
1.000000000000000000e+01
1.050000000000000000e+01
1.100000000000000000e+01
1.150000000000000000e+01
1.200000000000000000e+01
1.250000000000000000e+01
1.300000000000000000e+01
