5.000000000000000240e-05
5.000000000000000240e-05
5.000000000000000240e-05
5.000000000000000240e-05
5.000000000000000240e-05
5.000000000000000240e-05
5.000000000000000240e-05
5.000000000000000240e-05
5.000000000000000240e-05
5.000000000000000240e-05
5.000000000000000240e-05
5.000000000000000240e-05
5.000000000000000240e-05
5.000000000000000240e-05
5.000000000000000240e-05
5.000000000000000240e-05
5.000000000000000240e-05
5.000000000000000240e-05
5.000000000000000240e-05
5.000000000000000240e-05
5.000000000000000240e-05
5.000000000000000240e-05
5.000000000000000240e-05
5.000000000000000240e-05
5.000000000000000240e-05
5.000000000000000240e-05
5.000000000000000240e-05
5.000000000000000240e-05
5.000000000000000240e-05
5.000000000000000240e-05
5.000000000000000240e-05
5.000000000000000240e-05
5.000000000000000240e-05
5.000000000000000240e-05
5.000000000000000240e-05
5.000000000000000240e-05
5.000000000000000240e-05
5.000000000000000240e-05
5.000000000000000240e-05
5.000000000000000240e-05
5.000000000000000240e-05
5.000000000000000240e-05
5.000000000000000240e-05
5.000000000000000240e-05
5.000000000000000240e-05
5.000000000000000240e-05
5.000000000000000240e-05
5.000000000000000240e-05
5.000000000000000240e-05
5.000000000000000240e-05
5.000000000000000240e-05
5.000000000000000240e-05
5.000000000000000240e-05
5.000000000000000240e-05
5.000000000000000240e-05
5.000000000000000240e-05
5.000000000000000240e-05
5.000000000000000240e-05
5.000000000000000240e-05
5.000000000000000240e-05
5.000000000000000240e-05
5.000000000000000240e-05
5.000000000000000240e-05
5.000000000000000240e-05
5.000000000000000240e-05
5.000000000000000240e-05
5.000000000000000240e-05
5.000000000000000240e-05
5.000000000000000240e-05
5.000000000000000240e-05
5.000000000000000240e-05
5.000000000000000240e-05
5.000000000000000240e-05
5.000000000000000240e-05
5.000000000000000240e-05
5.000000000000000240e-05
5.000000000000000240e-05
5.000000000000000240e-05
5.000000000000000240e-05
5.000000000000000104e-04
5.000000000000000104e-04
5.000000000000000104e-04
5.000000000000000104e-04
5.000000000000000104e-04
5.000000000000000104e-04
5.000000000000000104e-04
5.000000000000000104e-04
5.000000000000000104e-04
5.000000000000000104e-04
5.000000000000000104e-04
5.000000000000000104e-04
