5.200000000000000629e-03
5.900000000000000730e-03
6.599999999999999964e-03
7.300000000000000065e-03
8.000000000000000167e-03
8.400000000000001216e-03
8.800000000000000530e-03
9.300000000000000974e-03
9.800000000000001418e-03
1.019999999999999900e-02
1.069999999999999944e-02
1.119999999999999989e-02
1.130000000000000102e-02
1.219999999999999904e-02
1.269999999999999948e-02
1.319999999999999993e-02
1.380000000000000150e-02
1.440000000000000134e-02
1.490000000000000005e-02
1.540000000000000049e-02
1.600000000000000033e-02
1.660000000000000017e-02
1.710000000000000062e-02
1.770000000000000046e-02
1.830000000000000029e-02
1.930000000000000118e-02
2.030000000000000207e-02
2.129999999999999949e-02
2.230000000000000038e-02
2.330000000000000127e-02
2.439999999999999808e-02
2.550000000000000183e-02
2.660000000000000211e-02
2.719999999999999848e-02
2.780000000000000179e-02
2.850000000000000103e-02
2.910000000000000087e-02
2.970000000000000070e-02
3.039999999999999994e-02
3.099999999999999978e-02
3.169999999999999901e-02
3.229999999999999538e-02
3.289999999999999869e-02
3.350000000000000200e-02
3.420000000000000123e-02
3.479999999999999760e-02
3.540000000000000091e-02
3.600000000000000422e-02
3.699999999999999817e-02
3.810000000000000192e-02
3.920000000000000567e-02
4.020000000000000656e-02
4.129999999999999644e-02
4.240000000000000019e-02
4.359999999999999987e-02
4.460000000000000075e-02
4.670000000000000540e-02
4.879999999999999616e-02
5.100000000000000366e-02
5.310000000000000137e-02
5.529999999999999499e-02
5.770000000000000129e-02
5.990000000000000185e-02
6.239999999999999714e-02
6.490000000000001323e-02
7.159999999999999698e-02
7.890000000000001179e-02
8.669999999999999929e-02
9.479999999999999538e-02
1.030999999999999972e-01
1.120999999999999913e-01
1.205999999999999989e-01
1.293000000000000260e-01
1.381999999999999895e-01
1.473000000000000143e-01
1.564000000000000112e-01
1.655000000000000082e-01
1.829999999999999960e-01
1.990000000000000102e-01
2.179999999999999993e-01
2.370000000000000162e-01
2.620000000000000107e-01
2.860000000000000320e-01
3.089999999999999969e-01
3.310000000000000164e-01
3.470000000000000306e-01
3.609999999999999876e-01
3.760000000000000009e-01
3.960000000000000187e-01
4.179999999999999827e-01
4.420000000000000040e-01
