1.600000000000000077e-03
2.200000000000000133e-03
2.799999999999999972e-03
3.600000000000000335e-03
4.300000000000000003e-03
4.700000000000000185e-03
5.200000000000000629e-03
5.700000000000000205e-03
6.200000000000000649e-03
6.700000000000000226e-03
7.200000000000000670e-03
7.700000000000000247e-03
8.099999999999999561e-03
8.500000000000000611e-03
9.000000000000001055e-03
9.400000000000000369e-03
9.800000000000001418e-03
1.030000000000000013e-02
1.069999999999999944e-02
1.110000000000000049e-02
1.140000000000000041e-02
1.180000000000000146e-02
1.209999999999999964e-02
1.240000000000000130e-02
1.269999999999999948e-02
1.319999999999999993e-02
1.370000000000000037e-02
1.400000000000000029e-02
1.440000000000000134e-02
1.469999999999999953e-02
1.490000000000000005e-02
1.519999999999999997e-02
1.540000000000000049e-02
1.540000000000000049e-02
1.549999999999999989e-02
1.549999999999999989e-02
1.559999999999999928e-02
1.559999999999999928e-02
1.569999999999999868e-02
1.569999999999999868e-02
1.569999999999999868e-02
1.569999999999999868e-02
1.569999999999999868e-02
1.559999999999999928e-02
1.559999999999999928e-02
1.559999999999999928e-02
1.549999999999999989e-02
1.549999999999999989e-02
1.540000000000000049e-02
1.530000000000000110e-02
1.510000000000000057e-02
1.499999999999999944e-02
1.480000000000000066e-02
1.469999999999999953e-02
1.450000000000000074e-02
1.440000000000000134e-02
1.409999999999999969e-02
1.380000000000000150e-02
1.349999999999999985e-02
1.330000000000000106e-02
1.300000000000000114e-02
1.280000000000000061e-02
1.260000000000000009e-02
1.250000000000000069e-02
1.250000000000000069e-02
1.230000000000000017e-02
1.209999999999999964e-02
1.200000000000000025e-02
1.200000000000000025e-02
1.209999999999999964e-02
1.219999999999999904e-02
1.240000000000000130e-02
1.260000000000000009e-02
1.280000000000000061e-02
1.310000000000000053e-02
1.349999999999999985e-02
1.400000000000000029e-02
1.510000000000000057e-02
1.650000000000000078e-02
1.810000000000000150e-02
2.010000000000000328e-02
2.260000000000000203e-02
2.580000000000000002e-02
2.960000000000000131e-02
3.429999999999999716e-02
3.989999999999999797e-02
4.680000000000000132e-02
5.529999999999999499e-02
6.890000000000000291e-02
1.135000000000000037e-01
5.630000000000000560e-01
