2.000000000000000042e-03
2.799999999999999972e-03
3.899999999999999821e-03
5.099999999999999499e-03
6.500000000000000569e-03
7.400000000000000328e-03
8.300000000000000086e-03
9.300000000000000974e-03
1.050000000000000065e-02
1.149999999999999981e-02
1.269999999999999948e-02
1.380000000000000150e-02
1.499999999999999944e-02
1.610000000000000320e-02
1.739999999999999880e-02
1.860000000000000195e-02
1.989999999999999755e-02
2.129999999999999949e-02
2.270000000000000143e-02
2.410000000000000336e-02
2.539999999999999897e-02
2.680000000000000090e-02
2.819999999999999937e-02
2.960000000000000131e-02
3.110000000000000264e-02
3.350000000000000200e-02
3.610000000000000014e-02
3.870000000000000523e-02
4.120000000000000051e-02
4.390000000000000152e-02
4.649999999999999967e-02
4.939999999999999947e-02
5.220000000000000334e-02
5.389999999999999653e-02
5.550000000000000072e-02
5.720000000000000084e-02
5.900000000000000383e-02
6.060000000000000109e-02
6.239999999999999714e-02
6.420000000000000706e-02
6.609999999999999210e-02
6.779999999999999916e-02
6.959999999999999520e-02
7.270000000000000073e-02
7.330000000000000404e-02
7.499999999999999722e-02
7.690000000000001001e-02
7.879999999999999505e-02
8.179999999999999771e-02
8.500000000000000611e-02
8.830000000000000349e-02
9.140000000000000902e-02
9.450000000000000067e-02
9.770000000000000906e-02
1.015999999999999959e-01
1.047000000000000014e-01
1.110999999999999904e-01
1.178000000000000019e-01
1.247000000000000053e-01
1.311999999999999833e-01
1.380000000000000115e-01
1.448000000000000120e-01
1.514000000000000068e-01
1.584000000000000130e-01
1.653000000000000025e-01
1.824000000000000066e-01
1.990000000000000102e-01
2.159999999999999976e-01
2.340000000000000135e-01
2.510000000000000009e-01
2.700000000000000178e-01
2.889999999999999791e-01
3.069999999999999951e-01
3.260000000000000120e-01
3.450000000000000289e-01
3.649999999999999911e-01
3.840000000000000080e-01
4.259999999999999898e-01
4.700000000000000289e-01
5.150000000000000133e-01
5.620000000000000551e-01
6.099999999999999867e-01
6.620000000000000329e-01
7.139999999999999680e-01
7.660000000000000142e-01
8.200000000000000622e-01
8.760000000000000009e-01
9.340000000000000524e-01
1.000000000000000000e+00
1.131000000000000005e+00
1.723999999999999977e+00
