4.099999999999999478e-03
5.499999999999999681e-03
7.099999999999999541e-03
8.699999999999999400e-03
1.050000000000000065e-02
1.149999999999999981e-02
1.269999999999999948e-02
1.380000000000000150e-02
1.519999999999999997e-02
1.630000000000000199e-02
1.760000000000000106e-02
1.890000000000000013e-02
1.980000000000000163e-02
2.139999999999999888e-02
2.290000000000000022e-02
2.430000000000000215e-02
2.560000000000000123e-02
2.730000000000000135e-02
2.860000000000000042e-02
2.999999999999999889e-02
3.150000000000000022e-02
3.310000000000000442e-02
3.450000000000000289e-02
3.590000000000000135e-02
3.749999999999999861e-02
4.010000000000000370e-02
4.580000000000000043e-02
4.549999999999999878e-02
4.820000000000000673e-02
5.079999999999999793e-02
5.370000000000000467e-02
5.670000000000000734e-02
5.960000000000000020e-02
6.140000000000000319e-02
6.300000000000000044e-02
6.479999999999999649e-02
6.659999999999999254e-02
6.829999999999999960e-02
7.009999999999999565e-02
7.190000000000000557e-02
7.399999999999999634e-02
7.560000000000000053e-02
7.760000000000000231e-02
7.940000000000001223e-02
8.129999999999999727e-02
8.309999999999999332e-02
8.500000000000000611e-02
8.690000000000000502e-02
8.990000000000000768e-02
9.340000000000001079e-02
9.670000000000000817e-02
9.990000000000000269e-02
1.032000000000000001e-01
1.067000000000000032e-01
1.109000000000000125e-01
1.140999999999999931e-01
1.207000000000000017e-01
1.275999999999999912e-01
1.348000000000000032e-01
1.416000000000000036e-01
1.489000000000000046e-01
1.559999999999999998e-01
1.630000000000000060e-01
1.706999999999999906e-01
1.779999999999999916e-01
1.965000000000000080e-01
2.149999999999999967e-01
2.340000000000000135e-01
2.530000000000000027e-01
2.720000000000000195e-01
2.949999999999999845e-01
3.150000000000000022e-01
3.370000000000000218e-01
3.589999999999999858e-01
3.820000000000000062e-01
4.060000000000000275e-01
4.289999999999999925e-01
4.799999999999999822e-01
5.330000000000000293e-01
5.879999999999999671e-01
6.440000000000000169e-01
7.020000000000000684e-01
7.630000000000000115e-01
8.230000000000000648e-01
8.850000000000000089e-01
9.480000000000000648e-01
1.011000000000000121e+00
1.068999999999999950e+00
1.128000000000000114e+00
1.185000000000000053e+00
1.243000000000000105e+00
